image_width: 640
image_height: 480
camera_name: camera
camera_matrix:
  rows: 3
  cols: 3
  data: [0.00000, 0.000000, 0.00000, 0.000000, 0.00000, 0.00000, 0.000000, 0.000000, 0.00000]
distortion_model: plumb_bob
distortion_coefficients:
  rows: 1
  cols: 5
  data: [0.00000, 0.00000, 0.00000, 0.00000, 0.000000]
rectification_matrix:
  rows: 3
  cols: 3
  data: [0.000000, 0.000000, 0.000000, 0.000000, 0.000000, 0.000000, 0.000000, 0.000000, 0.000000]
projection_matrix:
  rows: 3
  cols: 4
  data: [0.000000, 0.000000, 0.000000, 0.000000, 0.000000, 0.000000, 0.000000, 0.000000, 0.000000, 0.000000, 0.000000, 0.000000]
  